# Made in Blockbench 4.10.3
mtllib Tiburce.mtl

o Base Head
v 0.125 0.5625 -0.1875
v 0.125 0.5625 -0.4375
v 0.125 0.3125 -0.1875
v 0.125 0.3125 -0.4375
v -0.125 0.5625 -0.4375
v -0.125 0.5625 -0.1875
v -0.125 0.3125 -0.4375
v -0.125 0.3125 -0.1875
vt 0.0625 0.9375
vt 0.125 0.9375
vt 0.125 0.875
vt 0.0625 0.875
vt 0 0.9375
vt 0.0625 0.9375
vt 0.0625 0.875
vt 0 0.875
vt 0.1875 0.9375
vt 0.25 0.9375
vt 0.25 0.875
vt 0.1875 0.875
vt 0.125 0.9375
vt 0.1875 0.9375
vt 0.1875 0.875
vt 0.125 0.875
vt 0.125 0.9375
vt 0.0625 0.9375
vt 0.0625 1
vt 0.125 1
vt 0.1875 1
vt 0.125 1
vt 0.125 0.9375
vt 0.1875 0.9375
vn 0 0 -1
vn 1 0 0
vn 0 0 1
vn -1 0 0
vn 0 1 0
vn 0 -1 0
usemtl m_6dc5b6be-6d88-b66b-18fb-a265db8304df
f 4/4/1 7/3/1 5/2/1 2/1/1
f 3/8/2 4/7/2 2/6/2 1/5/2
f 8/12/3 3/11/3 1/10/3 6/9/3
f 7/16/4 8/15/4 6/14/4 5/13/4
f 6/20/5 1/19/5 2/18/5 5/17/5
f 7/24/6 4/23/6 3/22/6 8/21/6
o Antenna
v 0.21144202509632115 0.6847587358070966 -0.1352384184328504
v 0.2226049122936169 0.7086976246545647 -0.19188265512264102
v 0.11568646970644902 0.4794102845962791 -0.2408929838680252
v 0.12684935690374466 0.5033491734437472 -0.29753722055781584
v 0.16596067560382632 0.7351112660133583 -0.19188265512264102
v 0.15479778840653058 0.7111723771658904 -0.1352384184328504
v 0.07020512021395398 0.5297628148025408 -0.29753722055781584
v 0.05904223301665834 0.505823925955073 -0.2408929838680252
vt 0.078125 0.859375
vt 0.09375 0.859375
vt 0.09375 0.796875
vt 0.078125 0.796875
vt 0.0625 0.859375
vt 0.078125 0.859375
vt 0.078125 0.796875
vt 0.0625 0.796875
vt 0.109375 0.859375
vt 0.125 0.859375
vt 0.125 0.796875
vt 0.109375 0.796875
vt 0.09375 0.859375
vt 0.109375 0.859375
vt 0.109375 0.796875
vt 0.09375 0.796875
vt 0.09375 0.859375
vt 0.078125 0.859375
vt 0.078125 0.875
vt 0.09375 0.875
vt 0.109375 0.875
vt 0.09375 0.875
vt 0.09375 0.859375
vt 0.109375 0.859375
vn 0.17860619515673035 0.383022221559489 -0.9063077870366499
vn 0.9063077870366499 -0.42261826174069944 0
vn -0.17860619515673035 -0.383022221559489 0.9063077870366499
vn -0.9063077870366499 0.42261826174069944 0
vn 0.3830222215594891 0.8213938048432698 0.42261826174069955
vn -0.3830222215594891 -0.8213938048432698 -0.42261826174069955
usemtl m_6dc5b6be-6d88-b66b-18fb-a265db8304df
f 12/28/7 15/27/7 13/26/7 10/25/7
f 11/32/8 12/31/8 10/30/8 9/29/8
f 16/36/9 11/35/9 9/34/9 14/33/9
f 15/40/10 16/39/10 14/38/10 13/37/10
f 14/44/11 9/43/11 10/42/11 13/41/11
f 15/48/12 12/47/12 11/46/12 16/45/12
o Antenna
v -0.15479778840653058 0.7111723771658904 -0.1352384184328504
v -0.16596067560382627 0.7351112660133583 -0.19188265512264102
v -0.05904223301665834 0.505823925955073 -0.2408929838680252
v -0.07020512021395403 0.5297628148025408 -0.29753722055781584
v -0.2226049122936169 0.7086976246545647 -0.19188265512264102
v -0.2114420250963212 0.6847587358070966 -0.1352384184328504
v -0.12684935690374466 0.5033491734437472 -0.29753722055781584
v -0.11568646970644897 0.4794102845962791 -0.2408929838680252
vt 0.015625 0.859375
vt 0.03125 0.859375
vt 0.03125 0.796875
vt 0.015625 0.796875
vt 0 0.859375
vt 0.015625 0.859375
vt 0.015625 0.796875
vt 0 0.796875
vt 0.046875 0.859375
vt 0.0625 0.859375
vt 0.0625 0.796875
vt 0.046875 0.796875
vt 0.03125 0.859375
vt 0.046875 0.859375
vt 0.046875 0.796875
vt 0.03125 0.796875
vt 0.03125 0.859375
vt 0.015625 0.859375
vt 0.015625 0.875
vt 0.03125 0.875
vt 0.046875 0.875
vt 0.03125 0.875
vt 0.03125 0.859375
vt 0.046875 0.859375
vn -0.17860619515673035 0.383022221559489 -0.9063077870366499
vn 0.9063077870366499 0.42261826174069944 0
vn 0.17860619515673035 -0.383022221559489 0.9063077870366499
vn -0.9063077870366499 -0.42261826174069944 0
vn -0.3830222215594891 0.8213938048432698 0.42261826174069955
vn 0.3830222215594891 -0.8213938048432698 -0.42261826174069955
usemtl m_6dc5b6be-6d88-b66b-18fb-a265db8304df
f 20/52/13 23/51/13 21/50/13 18/49/13
f 19/56/14 20/55/14 18/54/14 17/53/14
f 24/60/15 19/59/15 17/58/15 22/57/15
f 23/64/16 24/63/16 22/62/16 21/61/16
f 22/68/17 17/67/17 18/66/17 21/65/17
f 23/72/18 20/71/18 19/70/18 24/69/18
o TailPart
v 0.0625 0.6282730533933869 0.6372238385212454
v 0.0625 0.42678570026332796 0.3209520463414134
v 0.0625 0.5755610880300817 0.6708050640429222
v 0.0625 0.3740737349000227 0.3545332718630898
v -0.0625 0.42678570026332796 0.3209520463414134
v -0.0625 0.6282730533933869 0.6372238385212454
v -0.0625 0.3740737349000227 0.3545332718630898
v -0.0625 0.5755610880300817 0.6708050640429222
vt 0.375 0.90625
vt 0.40625 0.90625
vt 0.40625 0.890625
vt 0.375 0.890625
vt 0.28125 0.90625
vt 0.375 0.90625
vt 0.375 0.890625
vt 0.28125 0.890625
vt 0.5 0.90625
vt 0.53125 0.90625
vt 0.53125 0.890625
vt 0.5 0.890625
vt 0.40625 0.90625
vt 0.5 0.90625
vt 0.5 0.890625
vt 0.40625 0.890625
vt 0.40625 0.90625
vt 0.375 0.90625
vt 0.375 1
vt 0.40625 1
vt 0.4375 1
vt 0.40625 1
vt 0.40625 0.90625
vt 0.4375 0.90625
vn 0 -0.5372996083468239 -0.8433914458128857
vn 1 0 0
vn 0 0.5372996083468239 0.8433914458128857
vn -1 0 0
vn 0 0.8433914458128857 -0.5372996083468239
vn 0 -0.8433914458128857 0.5372996083468239
usemtl m_6dc5b6be-6d88-b66b-18fb-a265db8304df
f 28/76/19 31/75/19 29/74/19 26/73/19
f 27/80/20 28/79/20 26/78/20 25/77/20
f 32/84/21 27/83/21 25/82/21 30/81/21
f 31/88/22 32/87/22 30/86/22 29/85/22
f 30/92/23 25/91/23 26/90/23 29/89/23
f 31/96/24 28/95/24 27/94/24 32/93/24
o TailPart
v 0.0625 0.7719479102778517 0.6693591982767233
v 0.0625 0.5931259820125592 0.6129768608696722
v 0.0625 0.7531537978088347 0.7289665076984875
v 0.0625 0.5743318695435422 0.6725841702914364
v -0.0625 0.5931259820125592 0.6129768608696722
v -0.0625 0.7719479102778517 0.6693591982767233
v -0.0625 0.5743318695435422 0.6725841702914364
v -0.0625 0.7531537978088347 0.7289665076984875
vt 0.40625 0.625
vt 0.4375 0.625
vt 0.4375 0.609375
vt 0.40625 0.609375
vt 0.359375 0.625
vt 0.40625 0.625
vt 0.40625 0.609375
vt 0.359375 0.609375
vt 0.484375 0.625
vt 0.515625 0.625
vt 0.515625 0.609375
vt 0.484375 0.609375
vt 0.4375 0.625
vt 0.484375 0.625
vt 0.484375 0.609375
vt 0.4375 0.609375
vt 0.4375 0.625
vt 0.40625 0.625
vt 0.40625 0.671875
vt 0.4375 0.671875
vt 0.46875 0.671875
vt 0.4375 0.671875
vt 0.4375 0.625
vt 0.46875 0.625
vn 0 -0.9537169507482269 -0.30070579950427323
vn 1 0 0
vn 0 0.9537169507482269 0.30070579950427323
vn -1 0 0
vn 0 0.30070579950427323 -0.9537169507482269
vn 0 -0.30070579950427323 0.9537169507482269
usemtl m_6dc5b6be-6d88-b66b-18fb-a265db8304df
f 36/100/25 39/99/25 37/98/25 34/97/25
f 35/104/26 36/103/26 34/102/26 33/101/26
f 40/108/27 35/107/27 33/106/27 38/105/27
f 39/112/28 40/111/28 38/110/28 37/109/28
f 38/116/29 33/115/29 34/114/29 37/113/29
f 39/120/30 36/119/30 35/118/30 40/117/30
o TailPart
v 0.0625 0.8471728680746728 0.4862095166675917
v 0.0625 0.7515020099834002 0.7171793997954135
v 0.0625 0.9049153388566282 0.5101272311904097
v 0.0625 0.8092444807653556 0.7410971143182314
v -0.0625 0.7515020099834002 0.7171793997954135
v -0.0625 0.8471728680746728 0.4862095166675917
v -0.0625 0.8092444807653556 0.7410971143182314
v -0.0625 0.9049153388566282 0.5101272311904097
vt 0.34375 0.828125
vt 0.375 0.828125
vt 0.375 0.8125
vt 0.34375 0.8125
vt 0.28125 0.828125
vt 0.34375 0.828125
vt 0.34375 0.8125
vt 0.28125 0.8125
vt 0.4375 0.828125
vt 0.46875 0.828125
vt 0.46875 0.8125
vt 0.4375 0.8125
vt 0.375 0.828125
vt 0.4375 0.828125
vt 0.4375 0.8125
vt 0.375 0.8125
vt 0.375 0.828125
vt 0.34375 0.828125
vt 0.34375 0.890625
vt 0.375 0.890625
vt 0.40625 0.890625
vt 0.375 0.890625
vt 0.375 0.828125
vt 0.40625 0.828125
vn 0 -0.3826834323650899 0.9238795325112867
vn 1 0 0
vn 0 0.3826834323650899 -0.9238795325112867
vn -1 0 0
vn 0 -0.9238795325112867 -0.3826834323650899
vn 0 0.9238795325112867 0.3826834323650899
usemtl m_6dc5b6be-6d88-b66b-18fb-a265db8304df
f 44/124/31 47/123/31 45/122/31 42/121/31
f 43/128/32 44/127/32 42/126/32 41/125/32
f 48/132/33 43/131/33 41/130/33 46/129/33
f 47/136/34 48/135/34 46/134/34 45/133/34
f 46/140/35 41/139/35 42/138/35 45/137/35
f 47/144/36 44/143/36 43/142/36 48/141/36
o TailPart
v 0.0625 0.75 0.3750000000000001
v 0.0625 0.75 0.5
v 0.0625 0.875 0.3750000000000001
v 0.0625 0.875 0.5
v -0.0625 0.75 0.5
v -0.0625 0.75 0.3750000000000001
v -0.0625 0.875 0.5
v -0.0625 0.875 0.3750000000000001
vt 0.4375 0.859375
vt 0.46875 0.859375
vt 0.46875 0.828125
vt 0.4375 0.828125
vt 0.40625 0.859375
vt 0.4375 0.859375
vt 0.4375 0.828125
vt 0.40625 0.828125
vt 0.5 0.859375
vt 0.53125 0.859375
vt 0.53125 0.828125
vt 0.5 0.828125
vt 0.46875 0.859375
vt 0.5 0.859375
vt 0.5 0.828125
vt 0.46875 0.828125
vt 0.46875 0.859375
vt 0.4375 0.859375
vt 0.4375 0.890625
vt 0.46875 0.890625
vt 0.5 0.890625
vt 0.46875 0.890625
vt 0.46875 0.859375
vt 0.5 0.859375
vn 0 -1.2246467991473532e-16 1
vn 1 0 0
vn 0 1.2246467991473532e-16 -1
vn -1 0 0
vn 0 -1 -1.2246467991473532e-16
vn 0 1 1.2246467991473532e-16
usemtl m_6dc5b6be-6d88-b66b-18fb-a265db8304df
f 52/148/37 55/147/37 53/146/37 50/145/37
f 51/152/38 52/151/38 50/150/38 49/149/38
f 56/156/39 51/155/39 49/154/39 54/153/39
f 55/160/40 56/159/40 54/158/40 53/157/40
f 54/164/41 49/163/41 50/162/41 53/161/41
f 55/168/42 52/167/42 51/166/42 56/165/42
o Ribcage
v 0.125 0.46541394551550097 0.4171508831582337
v 0.125 0.5198862847327872 -0.20547080314910726
v 0.125 0.2786274396232986 0.4008091813930478
v 0.125 0.33309977884058495 -0.22181250491429322
v -0.125 0.5198862847327872 -0.20547080314910726
v -0.125 0.46541394551550097 0.4171508831582337
v -0.125 0.33309977884058495 -0.22181250491429322
v -0.125 0.2786274396232986 0.4008091813930478
vt 0.15625 0.59375
vt 0.21875 0.59375
vt 0.21875 0.546875
vt 0.15625 0.546875
vt 0 0.59375
vt 0.15625 0.59375
vt 0.15625 0.546875
vt 0 0.546875
vt 0.375 0.59375
vt 0.4375 0.59375
vt 0.4375 0.546875
vt 0.375 0.546875
vt 0.21875 0.59375
vt 0.375 0.59375
vt 0.375 0.546875
vt 0.21875 0.546875
vt 0.21875 0.59375
vt 0.15625 0.59375
vt 0.15625 0.75
vt 0.21875 0.75
vt 0.28125 0.75
vt 0.21875 0.75
vt 0.21875 0.59375
vt 0.28125 0.59375
vn 0 0.08715574274765818 -0.9961946980917455
vn 1 0 0
vn 0 -0.08715574274765818 0.9961946980917455
vn -1 0 0
vn 0 0.9961946980917455 0.08715574274765818
vn 0 -0.9961946980917455 -0.08715574274765818
usemtl m_6dc5b6be-6d88-b66b-18fb-a265db8304df
f 60/172/43 63/171/43 61/170/43 58/169/43
f 59/176/44 60/175/44 58/174/44 57/173/44
f 64/180/45 59/179/45 57/178/45 62/177/45
f 63/184/46 64/183/46 62/182/46 61/181/46
f 62/188/47 57/187/47 58/186/47 61/185/47
f 63/192/48 60/191/48 59/190/48 64/189/48
o Spike
v 0.03125 0.6640740055737344 -0.009561906492016992
v 0.03125 0.6802501958926419 -0.06993227063508378
v 0.03125 0.4829629131445341 -0.05809047744873963
v 0.03125 0.4991391034634417 -0.11846084159180637
v -0.03125 0.6802501958926419 -0.06993227063508378
v -0.03125 0.6640740055737344 -0.009561906492016992
v -0.03125 0.4991391034634417 -0.11846084159180637
v -0.03125 0.4829629131445341 -0.05809047744873963
vt 0.046875 0.515625
vt 0.0625 0.515625
vt 0.0625 0.46875
vt 0.046875 0.46875
vt 0.03125 0.515625
vt 0.046875 0.515625
vt 0.046875 0.46875
vt 0.03125 0.46875
vt 0.078125 0.515625
vt 0.09375 0.515625
vt 0.09375 0.46875
vt 0.078125 0.46875
vt 0.0625 0.515625
vt 0.078125 0.515625
vt 0.078125 0.46875
vt 0.0625 0.46875
vt 0.0625 0.515625
vt 0.046875 0.515625
vt 0.046875 0.53125
vt 0.0625 0.53125
vt 0.078125 0.53125
vt 0.0625 0.53125
vt 0.0625 0.515625
vt 0.078125 0.515625
vn 0 0.25881904510252074 -0.9659258262890683
vn 1 0 0
vn 0 -0.25881904510252074 0.9659258262890683
vn -1 0 0
vn 0 0.9659258262890683 0.25881904510252074
vn 0 -0.9659258262890683 -0.25881904510252074
usemtl m_6dc5b6be-6d88-b66b-18fb-a265db8304df
f 68/196/49 71/195/49 69/194/49 66/193/49
f 67/200/50 68/199/50 66/198/50 65/197/50
f 72/204/51 67/203/51 65/202/51 70/201/51
f 71/208/52 72/207/52 70/206/52 69/205/52
f 70/212/53 65/211/53 66/210/53 69/209/53
f 71/216/54 68/215/54 67/214/54 72/213/54
o Spike
v 0.03125 0.6640740055737344 0.11543809350798306
v 0.03125 0.6802501958926419 0.05506772936491622
v 0.03125 0.4829629131445341 0.06690952255126037
v 0.03125 0.4991391034634417 0.006539158408193635
v -0.03125 0.6802501958926419 0.05506772936491622
v -0.03125 0.6640740055737344 0.11543809350798306
v -0.03125 0.4991391034634417 0.006539158408193635
v -0.03125 0.4829629131445341 0.06690952255126037
vt 0.046875 0.515625
vt 0.0625 0.515625
vt 0.0625 0.46875
vt 0.046875 0.46875
vt 0.03125 0.515625
vt 0.046875 0.515625
vt 0.046875 0.46875
vt 0.03125 0.46875
vt 0.078125 0.515625
vt 0.09375 0.515625
vt 0.09375 0.46875
vt 0.078125 0.46875
vt 0.0625 0.515625
vt 0.078125 0.515625
vt 0.078125 0.46875
vt 0.0625 0.46875
vt 0.0625 0.515625
vt 0.046875 0.515625
vt 0.046875 0.53125
vt 0.0625 0.53125
vt 0.078125 0.53125
vt 0.0625 0.53125
vt 0.0625 0.515625
vt 0.078125 0.515625
vn 0 0.25881904510252074 -0.9659258262890683
vn 1 0 0
vn 0 -0.25881904510252074 0.9659258262890683
vn -1 0 0
vn 0 0.9659258262890683 0.25881904510252074
vn 0 -0.9659258262890683 -0.25881904510252074
usemtl m_6dc5b6be-6d88-b66b-18fb-a265db8304df
f 76/220/55 79/219/55 77/218/55 74/217/55
f 75/224/56 76/223/56 74/222/56 73/221/56
f 80/228/57 75/227/57 73/226/57 78/225/57
f 79/232/58 80/231/58 78/230/58 77/229/58
f 78/236/59 73/235/59 74/234/59 77/233/59
f 79/240/60 76/239/60 75/238/60 80/237/60
o Spike
v 0.03125 0.6037036414306676 0.22426190318907546
v 0.03125 0.6198798317495753 0.16389153904600873
v 0.03125 0.42259254900146737 0.17573333223235288
v 0.03125 0.43876873932037497 0.11536296808928603
v -0.03125 0.6198798317495753 0.16389153904600873
v -0.03125 0.6037036414306676 0.22426190318907546
v -0.03125 0.43876873932037497 0.11536296808928603
v -0.03125 0.42259254900146737 0.17573333223235288
vt 0.046875 0.515625
vt 0.0625 0.515625
vt 0.0625 0.46875
vt 0.046875 0.46875
vt 0.03125 0.515625
vt 0.046875 0.515625
vt 0.046875 0.46875
vt 0.03125 0.46875
vt 0.078125 0.515625
vt 0.09375 0.515625
vt 0.09375 0.46875
vt 0.078125 0.46875
vt 0.0625 0.515625
vt 0.078125 0.515625
vt 0.078125 0.46875
vt 0.0625 0.46875
vt 0.0625 0.515625
vt 0.046875 0.515625
vt 0.046875 0.53125
vt 0.0625 0.53125
vt 0.078125 0.53125
vt 0.0625 0.53125
vt 0.0625 0.515625
vt 0.078125 0.515625
vn 0 0.25881904510252074 -0.9659258262890683
vn 1 0 0
vn 0 -0.25881904510252074 0.9659258262890683
vn -1 0 0
vn 0 0.9659258262890683 0.25881904510252074
vn 0 -0.9659258262890683 -0.25881904510252074
usemtl m_6dc5b6be-6d88-b66b-18fb-a265db8304df
f 84/244/61 87/243/61 85/242/61 82/241/61
f 83/248/62 84/247/62 82/246/62 81/245/62
f 88/252/63 83/251/63 81/250/63 86/249/63
f 87/256/64 88/255/64 86/254/64 85/253/64
f 86/260/65 81/259/65 82/258/65 85/257/65
f 87/264/66 84/263/66 83/262/66 88/261/66
o Spike
v 0.03125 0.543333277287601 0.33308571287016786
v 0.03125 0.5595094676065084 0.2727153487271011
v 0.03125 0.42259254900146737 0.3007333322323529
v 0.03125 0.43876873932037497 0.24036296808928603
v -0.03125 0.5595094676065084 0.2727153487271011
v -0.03125 0.543333277287601 0.33308571287016786
v -0.03125 0.43876873932037497 0.24036296808928603
v -0.03125 0.42259254900146737 0.3007333322323529
vt 0.046875 0.515625
vt 0.0625 0.515625
vt 0.0625 0.484375
vt 0.046875 0.484375
vt 0.03125 0.515625
vt 0.046875 0.515625
vt 0.046875 0.484375
vt 0.03125 0.484375
vt 0.078125 0.515625
vt 0.09375 0.515625
vt 0.09375 0.484375
vt 0.078125 0.484375
vt 0.0625 0.515625
vt 0.078125 0.515625
vt 0.078125 0.484375
vt 0.0625 0.484375
vt 0.0625 0.515625
vt 0.046875 0.515625
vt 0.046875 0.53125
vt 0.0625 0.53125
vt 0.078125 0.53125
vt 0.0625 0.53125
vt 0.0625 0.515625
vt 0.078125 0.515625
vn 0 0.25881904510252074 -0.9659258262890683
vn 1 0 0
vn 0 -0.25881904510252074 0.9659258262890683
vn -1 0 0
vn 0 0.9659258262890683 0.25881904510252074
vn 0 -0.9659258262890683 -0.25881904510252074
usemtl m_6dc5b6be-6d88-b66b-18fb-a265db8304df
f 92/268/67 95/267/67 93/266/67 90/265/67
f 91/272/68 92/271/68 90/270/68 89/269/68
f 96/276/69 91/275/69 89/274/69 94/273/69
f 95/280/70 96/279/70 94/278/70 93/277/70
f 94/284/71 89/283/71 90/282/71 93/281/71
f 95/288/72 92/287/72 91/286/72 96/285/72
o Leg
v 0.1875 0.37902024570613324 -0.02957876510036228
v 0.1875 0.3899147135495905 -0.1541031023618305
v 0.1875 0.005447233921728634 -0.06226216863073408
v 0.1875 0.0163417017651859 -0.1867865058922023
v 0.0625 0.3899147135495905 -0.1541031023618305
v 0.0625 0.37902024570613324 -0.02957876510036228
v 0.0625 0.0163417017651859 -0.1867865058922023
v 0.0625 0.005447233921728634 -0.06226216863073408
vt 0.3125 0.71875
vt 0.34375 0.71875
vt 0.34375 0.625
vt 0.3125 0.625
vt 0.28125 0.71875
vt 0.3125 0.71875
vt 0.3125 0.625
vt 0.28125 0.625
vt 0.375 0.71875
vt 0.40625 0.71875
vt 0.40625 0.625
vt 0.375 0.625
vt 0.34375 0.71875
vt 0.375 0.71875
vt 0.375 0.625
vt 0.34375 0.625
vt 0.34375 0.71875
vt 0.3125 0.71875
vt 0.3125 0.75
vt 0.34375 0.75
vt 0.375 0.75
vt 0.34375 0.75
vt 0.34375 0.71875
vt 0.375 0.71875
vn 0 0.08715574274765818 -0.9961946980917455
vn 1 0 0
vn 0 -0.08715574274765818 0.9961946980917455
vn -1 0 0
vn 0 0.9961946980917455 0.08715574274765818
vn 0 -0.9961946980917455 -0.08715574274765818
usemtl m_6dc5b6be-6d88-b66b-18fb-a265db8304df
f 100/292/73 103/291/73 101/290/73 98/289/73
f 99/296/74 100/295/74 98/294/74 97/293/74
f 104/300/75 99/299/75 97/298/75 102/297/75
f 103/304/76 104/303/76 102/302/76 101/301/76
f 102/308/77 97/307/77 98/306/77 101/305/77
f 103/312/78 100/311/78 99/310/78 104/309/78
o LegR
v -0.0625 0.37902024570613324 -0.02957876510036228
v -0.0625 0.3899147135495905 -0.1541031023618305
v -0.0625 0.005447233921728634 -0.06226216863073408
v -0.0625 0.0163417017651859 -0.1867865058922023
v -0.1875 0.3899147135495905 -0.1541031023618305
v -0.1875 0.37902024570613324 -0.02957876510036228
v -0.1875 0.0163417017651859 -0.1867865058922023
v -0.1875 0.005447233921728634 -0.06226216863073408
vt 0.34375 0.71875
vt 0.3125 0.71875
vt 0.3125 0.625
vt 0.34375 0.625
vt 0.375 0.71875
vt 0.34375 0.71875
vt 0.34375 0.625
vt 0.375 0.625
vt 0.40625 0.71875
vt 0.375 0.71875
vt 0.375 0.625
vt 0.40625 0.625
vt 0.3125 0.71875
vt 0.28125 0.71875
vt 0.28125 0.625
vt 0.3125 0.625
vt 0.3125 0.71875
vt 0.34375 0.71875
vt 0.34375 0.75
vt 0.3125 0.75
vt 0.34375 0.75
vt 0.375 0.75
vt 0.375 0.71875
vt 0.34375 0.71875
vn 0 0.08715574274765818 -0.9961946980917455
vn 1 0 0
vn 0 -0.08715574274765818 0.9961946980917455
vn -1 0 0
vn 0 0.9961946980917455 0.08715574274765818
vn 0 -0.9961946980917455 -0.08715574274765818
usemtl m_6dc5b6be-6d88-b66b-18fb-a265db8304df
f 108/316/79 111/315/79 109/314/79 106/313/79
f 107/320/80 108/319/80 106/318/80 105/317/80
f 112/324/81 107/323/81 105/322/81 110/321/81
f 111/328/82 112/327/82 110/326/82 109/325/82
f 110/332/83 105/331/83 106/330/83 109/329/83
f 111/336/84 108/335/84 107/334/84 112/333/84
o BackLegR
v -0.0625 0.4739658178672391 0.39770454296303825
v -0.0625 0.46307135002378186 0.27318020570157
v -0.0625 -0.024131531178633647 0.4412824143368673
v -0.0625 -0.035025999022090915 0.31675807707539905
v -0.1875 0.46307135002378186 0.27318020570157
v -0.1875 0.4739658178672391 0.39770454296303825
v -0.1875 -0.035025999022090915 0.31675807707539905
v -0.1875 -0.024131531178633647 0.4412824143368673
vt 0.0625 0.71875
vt 0.03125 0.71875
vt 0.03125 0.59375
vt 0.0625 0.59375
vt 0.09375 0.71875
vt 0.0625 0.71875
vt 0.0625 0.59375
vt 0.09375 0.59375
vt 0.125 0.71875
vt 0.09375 0.71875
vt 0.09375 0.59375
vt 0.125 0.59375
vt 0.03125 0.71875
vt 0 0.71875
vt 0 0.59375
vt 0.03125 0.59375
vt 0.03125 0.71875
vt 0.0625 0.71875
vt 0.0625 0.75
vt 0.03125 0.75
vt 0.0625 0.75
vt 0.09375 0.75
vt 0.09375 0.71875
vt 0.0625 0.71875
vn 0 -0.08715574274765818 -0.9961946980917455
vn 1 0 0
vn 0 0.08715574274765818 0.9961946980917455
vn -1 0 0
vn 0 0.9961946980917455 -0.08715574274765818
vn 0 -0.9961946980917455 0.08715574274765818
usemtl m_6dc5b6be-6d88-b66b-18fb-a265db8304df
f 116/340/85 119/339/85 117/338/85 114/337/85
f 115/344/86 116/343/86 114/342/86 113/341/86
f 120/348/87 115/347/87 113/346/87 118/345/87
f 119/352/88 120/351/88 118/350/88 117/349/88
f 118/356/89 113/355/89 114/354/89 117/353/89
f 119/360/90 116/359/90 115/358/90 120/357/90
o BackLeg
v 0.1875 0.4739658178672391 0.39770454296303825
v 0.1875 0.46307135002378186 0.27318020570157
v 0.1875 -0.024131531178633647 0.4412824143368673
v 0.1875 -0.035025999022090915 0.31675807707539905
v 0.0625 0.46307135002378186 0.27318020570157
v 0.0625 0.4739658178672391 0.39770454296303825
v 0.0625 -0.035025999022090915 0.31675807707539905
v 0.0625 -0.024131531178633647 0.4412824143368673
vt 0.03125 0.71875
vt 0.0625 0.71875
vt 0.0625 0.59375
vt 0.03125 0.59375
vt 0 0.71875
vt 0.03125 0.71875
vt 0.03125 0.59375
vt 0 0.59375
vt 0.09375 0.71875
vt 0.125 0.71875
vt 0.125 0.59375
vt 0.09375 0.59375
vt 0.0625 0.71875
vt 0.09375 0.71875
vt 0.09375 0.59375
vt 0.0625 0.59375
vt 0.0625 0.71875
vt 0.03125 0.71875
vt 0.03125 0.75
vt 0.0625 0.75
vt 0.09375 0.75
vt 0.0625 0.75
vt 0.0625 0.71875
vt 0.09375 0.71875
vn 0 -0.08715574274765818 -0.9961946980917455
vn 1 0 0
vn 0 0.08715574274765818 0.9961946980917455
vn -1 0 0
vn 0 0.9961946980917455 -0.08715574274765818
vn 0 -0.9961946980917455 0.08715574274765818
usemtl m_6dc5b6be-6d88-b66b-18fb-a265db8304df
f 124/364/91 127/363/91 125/362/91 122/361/91
f 123/368/92 124/367/92 122/366/92 121/365/92
f 128/372/93 123/371/93 121/370/93 126/369/93
f 127/376/94 128/375/94 126/374/94 125/373/94
f 126/380/95 121/379/95 122/378/95 125/377/95
f 127/384/96 124/383/96 123/382/96 128/381/96